lymphocyte 0.42134831460674155 0.9307116104868914 0.09363295880149813 0.11610486891385768
lymphocyte 0.32771535580524347 0.8164794007490637 0.16104868913857678 0.10486891385767791
lymphocyte 0.8707865168539326 0.8445692883895131 0.1760299625468165 0.22846441947565543
lymphocyte 0.41385767790262173 0.7471910112359551 0.13108614232209737 0.14606741573033707
lymphocyte 0.5749063670411985 0.7359550561797753 0.10861423220973783 0.16104868913857678
lymphocyte 0.13295880149812733 0.5880149812734082 0.10861423220973783 0.0749063670411985
lymphocyte 0.850187265917603 0.5131086142322098 0.0898876404494382 0.10486891385767791
lymphocyte 0.06554307116104868 0.4812734082397004 0.13108614232209737 0.08614232209737828
lymphocyte 0.22659176029962547 0.41385767790262173 0.12359550561797752 0.07865168539325842
lymphocyte 0.8745318352059925 0.250936329588015 0.13108614232209737 0.09737827715355805
lymphocyte 0.951310861423221 0.054307116104868915 0.09737827715355805 0.10861423220973783
lymphocyte 0.7602996254681648 0.11235955056179775 0.2546816479400749 0.2247191011235955
