lymphocyte 0.6086142322097379 0.9719101123595506 0.09363295880149813 0.056179775280898875
lymphocyte 0.46629213483146065 0.9531835205992509 0.08614232209737828 0.09363295880149813
lymphocyte 0.8389513108614233 0.9232209737827716 0.17228464419475656 0.11610486891385768
lymphocyte 0.28651685393258425 0.9026217228464419 0.14606741573033707 0.18726591760299627
lymphocyte 0.8632958801498127 0.7734082397003745 0.2209737827715356 0.16853932584269662
lymphocyte 0.7584269662921348 0.4044943820224719 0.10112359550561797 0.09737827715355805
lymphocyte 0.05805243445692884 0.20973782771535582 0.09363295880149813 0.08239700374531835
lymphocyte 0.46254681647940077 0.1760299625468165 0.19850187265917604 0.14232209737827714
lymphocyte 0.11797752808988764 0.12921348314606743 0.10112359550561797 0.12359550561797752
lymphocyte 0.5224719101123596 0.08426966292134831 0.07865168539325842 0.08614232209737828
lymphocyte 0.23220973782771537 0.08801498127340825 0.12734082397003746 0.10112359550561797
lymphocyte 0.9588014981273408 0.10112359550561797 0.08239700374531835 0.14232209737827714
lymphocyte 0.3295880149812734 0.056179775280898875 0.1348314606741573 0.11235955056179775
