lymphocyte 0.31835205992509363 0.8895131086142322 0.2846441947565543 0.19850187265917604
lymphocyte 0.35580524344569286 0.6554307116104869 0.1348314606741573 0.11235955056179775
lymphocyte 0.05805243445692884 0.6048689138576779 0.11610486891385768 0.12359550561797752
lymphocyte 0.1891385767790262 0.6254681647940075 0.14606741573033707 0.17228464419475656
lymphocyte 0.7191011235955056 0.602996254681648 0.2397003745318352 0.15730337078651685
lymphocyte 0.5 0.5355805243445693 0.13108614232209737 0.15730337078651685
lymphocyte 0.08614232209737828 0.4232209737827715 0.17228464419475656 0.24719101123595505
lymphocyte 0.06554307116104868 0.1647940074906367 0.13108614232209737 0.2247191011235955
lymphocyte 0.8876404494382022 0.14794007490636704 0.2247191011235955 0.2958801498127341
lymphocyte 0.4794007490636704 0.06928838951310862 0.24719101123595505 0.13857677902621723
