lymphocyte 0.7528089887640449 0.9606741573033708 0.0749063670411985 0.07865168539325842
lymphocyte 0.035580524344569285 0.947565543071161 0.07116104868913857 0.10486891385767791
lymphocyte 0.4250936329588015 0.9456928838951311 0.13108614232209737 0.10861423220973783
lymphocyte 0.9606741573033708 0.7865168539325843 0.07865168539325842 0.11235955056179775
lymphocyte 0.5262172284644194 0.7565543071161048 0.09363295880149813 0.11235955056179775
lymphocyte 0.5299625468164794 0.6985018726591761 0.3258426966292135 0.27340823970037453
lymphocyte 0.17790262172284643 0.4700374531835206 0.07865168539325842 0.07865168539325842
lymphocyte 0.42696629213483145 0.3970037453183521 0.1198501872659176 0.12734082397003746
lymphocyte 0.700374531835206 0.3595505617977528 0.1198501872659176 0.1348314606741573
lymphocyte 0.1760299625468165 0.3389513108614232 0.14232209737827714 0.11610486891385768
lymphocyte 0.34831460674157305 0.19850187265917604 0.24719101123595505 0.1647940074906367
lymphocyte 0.06741573033707865 0.033707865168539325 0.11235955056179775 0.06741573033707865
