lymphocyte 0.7902621722846442 0.846441947565543 0.149812734082397 0.18726591760299627
lymphocyte 0.6647940074906367 0.7621722846441947 0.10861423220973783 0.10112359550561797
lymphocyte 0.8838951310861424 0.6048689138576779 0.0898876404494382 0.09363295880149813
lymphocyte 0.26217228464419473 0.6835205992509363 0.149812734082397 0.25842696629213485
lymphocyte 0.07865168539325842 0.6292134831460674 0.1348314606741573 0.1647940074906367
lymphocyte 0.6573033707865169 0.4794007490636704 0.08614232209737828 0.1198501872659176
lymphocyte 0.052434456928838954 0.30711610486891383 0.10486891385767791 0.0898876404494382
lymphocyte 0.6647940074906367 0.2846441947565543 0.08614232209737828 0.09737827715355805
lymphocyte 0.8520599250936329 0.29775280898876405 0.22846441947565543 0.2883895131086142
lymphocyte 0.4101123595505618 0.06554307116104868 0.06367041198501873 0.07865168539325842
