lymphocyte 0.4157303370786517 0.8951310861423221 0.1797752808988764 0.20973782771535582
lymphocyte 0.9531835205992509 0.7677902621722846 0.09363295880149813 0.21722846441947566
lymphocyte 0.16292134831460675 0.7228464419475655 0.3258426966292135 0.2696629213483146
lymphocyte 0.6423220973782772 0.4794007490636704 0.07116104868913857 0.09737827715355805
lymphocyte 0.18726591760299627 0.49063670411985016 0.18726591760299627 0.1647940074906367
lymphocyte 0.9176029962546817 0.30711610486891383 0.1647940074906367 0.1647940074906367
lymphocyte 0.35767790262172283 0.2565543071161049 0.07865168539325842 0.11610486891385768
lymphocyte 0.9232209737827716 0.10861423220973783 0.15355805243445692 0.09737827715355805
lymphocyte 0.42696629213483145 0.16104868913857678 0.2846441947565543 0.20224719101123595
lymphocyte 0.03745318352059925 0.09925093632958802 0.0749063670411985 0.11610486891385768
lymphocyte 0.7865168539325843 0.1254681647940075 0.1947565543071161 0.250936329588015
