0 0.2247191011235955 0.951310861423221 0.0898876404494382 0.09737827715355805
0 0.398876404494382 0.947565543071161 0.07116104868913857 0.10486891385767791
0 0.6292134831460674 0.9382022471910112 0.15730337078651685 0.12359550561797752
0 0.5543071161048689 0.8202247191011236 0.1647940074906367 0.1348314606741573
0 0.3707865168539326 0.7640449438202247 0.1647940074906367 0.1348314606741573
0 0.1891385767790262 0.6198501872659176 0.13857677902621723 0.16853932584269662
0 0.6610486891385767 0.6067415730337079 0.13108614232209737 0.1797752808988764
0 0.8558052434456929 0.3352059925093633 0.07865168539325842 0.13108614232209737
0 0.9456928838951311 0.035580524344569285 0.10861423220973783 0.07116104868913857
0 0.05805243445692884 0.033707865168539325 0.10861423220973783 0.06741573033707865
