0 0.2940074906367041 0.9644194756554307 0.09363295880149813 0.07116104868913857
0 0.17790262172284643 0.846441947565543 0.07116104868913857 0.08239700374531835
0 0.7790262172284644 0.8670411985018727 0.2846441947565543 0.20599250936329588
0 0.9419475655430711 0.7172284644194756 0.11610486891385768 0.10861423220973783
0 0.4887640449438202 0.7752808988764045 0.250936329588015 0.26217228464419473
0 0.6947565543071161 0.649812734082397 0.19101123595505617 0.22846441947565543
0 0.9307116104868914 0.4250936329588015 0.10861423220973783 0.10861423220973783
0 0.14606741573033707 0.3895131086142322 0.09737827715355805 0.1348314606741573
0 0.951310861423221 0.3146067415730337 0.09737827715355805 0.0898876404494382
0 0.5842696629213483 0.13670411985018727 0.1198501872659176 0.12359550561797752
0 0.1254681647940075 0.20411985018726592 0.20599250936329588 0.2958801498127341
