0 0.4101123595505618 0.8295880149812734 0.09363295880149813 0.10861423220973783
0 0.5355805243445693 0.7565543071161048 0.11235955056179775 0.12734082397003746
0 0.9101123595505618 0.7902621722846442 0.1797752808988764 0.2397003745318352
0 0.04681647940074907 0.7097378277153558 0.09363295880149813 0.12359550561797752
0 0.6666666666666666 0.7097378277153558 0.1198501872659176 0.13857677902621723
0 0.6067415730337079 0.4288389513108614 0.08239700374531835 0.07116104868913857
0 0.7228464419475655 0.4344569288389513 0.1348314606741573 0.2546816479400749
0 0.2883895131086142 0.44756554307116103 0.3146067415730337 0.2883895131086142
0 0.08239700374531835 0.1441947565543071 0.0898876404494382 0.07865168539325842
0 0.5599250936329588 0.12734082397003746 0.10112359550561797 0.14232209737827714
