0 0.47752808988764045 0.9569288389513109 0.12359550561797752 0.08614232209737828
0 0.09550561797752809 0.8220973782771536 0.16853932584269662 0.13857677902621723
0 0.897003745318352 0.8333333333333334 0.10861423220973783 0.19101123595505617
0 0.4943820224719101 0.5711610486891385 0.12734082397003746 0.10861423220973783
0 0.15917602996254682 0.5093632958801498 0.10861423220973783 0.149812734082397
0 0.5617977528089888 0.29213483146067415 0.1947565543071161 0.1647940074906367
0 0.4157303370786517 0.2397003745318352 0.1797752808988764 0.1647940074906367
0 0.5393258426966292 0.19662921348314608 0.09737827715355805 0.10112359550561797
0 0.949438202247191 0.2209737827715356 0.10112359550561797 0.17228464419475656
0 0.1104868913857678 0.09737827715355805 0.2209737827715356 0.17228464419475656
0 0.7640449438202247 0.15543071161048688 0.27715355805243447 0.31086142322097376
