0 0.5374531835205992 0.9588014981273408 0.12359550561797752 0.08239700374531835
0 0.37265917602996257 0.9101123595505618 0.19101123595505617 0.15730337078651685
0 0.024344569288389514 0.8820224719101124 0.04868913857677903 0.23595505617977527
0 0.6292134831460674 0.6985018726591761 0.2397003745318352 0.27340823970037453
0 0.7808988764044944 0.5411985018726592 0.09363295880149813 0.16853932584269662
0 0.3857677902621723 0.4307116104868914 0.10486891385767791 0.0898876404494382
0 0.7322097378277154 0.34831460674157305 0.11610486891385768 0.09737827715355805
0 0.18726591760299627 0.39325842696629215 0.30711610486891383 0.20973782771535582
0 0.03932584269662921 0.24906367041198502 0.07865168539325842 0.08614232209737828
0 0.25842696629213485 0.16853932584269662 0.1947565543071161 0.1797752808988764
0 0.13108614232209737 0.1348314606741573 0.149812734082397 0.17228464419475656
0 0.05056179775280899 0.0449438202247191 0.10112359550561797 0.0749063670411985
